0.380631
0.377828
0.373303
0.384615
0.382883
0.382353
0.377828
0.382353
0.382353
0.377828
0.382883
0.385135
0.384615
0.377828
0.377828
0.382353
0.38009
0.38009
0.382353
0.384615
0.386878
0.386878
0.386878
0.386878
0.386878
0.373303
0.391892
0.391892
0.382353
0.384615
0.384615
0.384615
0.384615
0.382353
0.391892
0.382353
0.384615
0.384615
0.38009
0.377828
0.392777
0.392777
0.395928
0.392777
0.420814
0.442495
0.43722
0.43722
0.43722
0.44843
0.44843
0.450673
0.417607
0.452703
0.45045
0.460137
0.423767
0.435666
0.404977
0.418182
0.41629
0.453125
0.440449
0.493243
0.514739
0.514739
0.512472
0.512472
0.501134
0.501134
0.505669
0.507937
0.517007
0.517007
0.510204
0.510204
0.510204
0.510204
0.510204
0.517007
0.379791
0.379791
0.379791
0.379791
0.379791
0.350877
0.350877
0.350877
0.350877
0.359649
0.359649
0.363636
0.363636
0.363636
0.354545
0.359091
0.359091
0.364486
0.364486
0.364486
0.364486
0.364486
0.364486
0.364486
0.364486
0.364486
0.364486
0.364486
0.364486
0.364486
0.364486
0.364486
0.364486
0.364486
0.364486
0.364486
0.364486
0.364486
0.364486
0.364486
0.364486
0.364486
0.364486
0.364486
0.364486
0.364486
0.364486
0.364486
0.364486
0.369159
0.369159
0.369159
0.373832
0.373832
0.338164
0.333333
0.342995
0.342995
0.342995
0.342995
0.342995
0.338164
0.338164
0.338164
0.338164
0.347826
0.338164
0.352657
0.342995
0.342995
0.352657
0.338164
0.342995
0.347826
0.371981
0.347826
0.347826
0.347826
0.347826
0.347826
0.347826
0.347826
0.357488
0.357488
0.357488
0.352657
0.347826
0.347826
0.347826
0.347826
0.352657
0.352657
0.357488
0.362319
0.352657
0.352657
0.352657
0.347826
0.357488
0.352657
0.352657
0.352657
0.36715
0.357488
0.352657
0.352657
0.357488
0.352657
0.352657
0.352657
0.357488
0.357488
0.362319
0.352657
0.362319
0.357488
0.357488
0.357488
0.352657
0.371981
0.371981
0.362319
0.391304
0.36715
0.381643
0.528889
0.528889
0.528889
0.531532
0.514286
0.39011
0.39011
0.39011
0.39011
0.39011
0.39011
0.39011
0.39011
0.39011
0.39011
0.39011
0.39011
0.39011
0.39011
0.39011
0.39011
0.39011
0.39011
0.39011
0.39011
0.39011
0.39011
0.39011
0.39011
0.39011
0.39011
0.39011
0.39011
0.39011
0.39011
0.39011
0.39011
0.39011
0.39011
0.39011
0.39011
0.39011
0.39011
0.39011
0.39011
0.39011
0.39011
0.39011
0.39011
0.395604
0.395604
0.406593
0.39011
0.39011
0.412088
0.412088
0.412088
0.412088
0.412088
0.401099
0.401099
0.401099
0.395604
0.395604
0.395604
0.395604
0.395604
0.395604
0.395604
0.395604
0.401099
0.401099
0.401099
0.401099
0.395604
0.395604
0.395604
0.395604
0.395604
0.395604
0.395604
0.395604
0.52
0.401099
0.401099
0.401099
0.401099
0.401099
0.401099
0.401099
0.401099
0.401099
0.401099
0.401099
0.406593
0.406593
0.406593
0.406593
0.406593
0.406593
0.401099
0.525424
0.522727
0.522727
0.459016
0.524272
0.320611
0.320611
0.320611
0.320611
0.320611
0.320611
0.320611
0.320611
0.320611
0.320611
0.320611
0.335878
0.357664
0.359155
0.355556
0.343511
0.343511
0.343511
0.343511
0.343511
0.351145
0.351145
0.351145
0.351145
0.380597
0.358779
0.428571
0.358779
0.369565
0.374046
0.4375
0.377049
0.411765
0.435897
0.435897
0.435897
0.435897
0.435897
0.435897
0.435897
0.435897
0.585938
0.472222
0.585938
0.472222
0.585938
0.472222
0.585938
0.472222
0.585938
0.472222
0.585938
0.472222
0.585938
0.472222
0.585938
0.472222
0.585938
0.472222
0.585938
0.472222
0.585938
0.472222
0.585938
0.472222
0.585938
0.472222
0.585938
0.472222
0.585938
0.472222
0.394366
0.585938
0.472222
0.59375
0.472222
0.59375
0.472222
0.59375
0.472222
0.59375
0.472222
0.59375
0.472222
0.59375
0.472222
0.194444
0.345679
0.529412
0.5
0.589041
0.27907
0.607143
0.421053
